unknown system                          
Point 1:  0.00000  0.00000  0.00000
Point 2:  0.33333  0.66667  0.00000
100
  0.000000E+00   7.734900E-03
  1.438473E-02   1.280090E-02
  2.876946E-02   1.748985E-02
  4.315419E-02   2.180174E-02
  5.753893E-02   2.573659E-02
  7.192367E-02   2.929437E-02
  8.630838E-02   3.247510E-02
  1.006931E-01   3.527878E-02
  1.150779E-01   3.770541E-02
  1.294626E-01   3.975498E-02
  1.438473E-01   5.959963E-02
  1.582320E-01   8.595274E-02
  1.726168E-01   1.116662E-01
  1.870015E-01   1.367401E-01
  2.013862E-01   1.611744E-01
  2.157710E-01   1.849691E-01
  2.301557E-01   2.081242E-01
  2.445404E-01   2.306396E-01
  2.589252E-01   2.525155E-01
  2.733099E-01   2.867396E-01
  2.876947E-01   3.370327E-01
  3.020794E-01   3.866979E-01
  3.164641E-01   4.357353E-01
  3.308488E-01   4.841449E-01
  3.452335E-01   5.319266E-01
  3.596183E-01   5.790806E-01
  3.740030E-01   6.256068E-01
  3.883878E-01   6.715053E-01
  4.027725E-01   7.127530E-01
  4.171572E-01   7.321238E-01
  4.315419E-01   7.516950E-01
  4.459267E-01   7.714665E-01
  4.603114E-01   7.914384E-01
  4.746961E-01   8.116106E-01
  4.890808E-01   8.319833E-01
  5.034656E-01   8.525563E-01
  5.178503E-01   8.733296E-01
  5.322351E-01   8.943034E-01
  5.466198E-01   9.001208E-01
  5.610045E-01   9.039468E-01
  5.753893E-01   9.079763E-01
  5.897740E-01   9.122091E-01
  6.041588E-01   9.166453E-01
  6.185434E-01   9.212849E-01
  6.329282E-01   9.261279E-01
  6.473129E-01   9.311742E-01
  6.616977E-01   9.364240E-01
  6.760824E-01   9.378634E-01
  6.904671E-01   9.367480E-01
  7.048519E-01   9.358214E-01
  7.192366E-01   9.350837E-01
  7.336214E-01   9.345348E-01
  7.480060E-01   9.341749E-01
  7.623908E-01   9.340038E-01
  7.767755E-01   9.340217E-01
  7.911603E-01   9.342284E-01
  8.055450E-01   9.315727E-01
  8.199297E-01   9.223808E-01
  8.343144E-01   9.133619E-01
  8.486992E-01   9.045157E-01
  8.630839E-01   8.958426E-01
  8.774686E-01   8.873421E-01
  8.918533E-01   8.790146E-01
  9.062381E-01   8.708599E-01
  9.206228E-01   8.628781E-01
  9.350075E-01   8.544099E-01
  9.493923E-01   8.255011E-01
  9.637769E-01   7.965178E-01
  9.781617E-01   7.674596E-01
  9.925464E-01   7.383268E-01
  1.006931E+00   7.091189E-01
  1.021316E+00   6.798365E-01
  1.035701E+00   6.504793E-01
  1.050085E+00   6.210474E-01
  1.064470E+00   5.915406E-01
  1.078855E+00   5.498549E-01
  1.093240E+00   5.040543E-01
  1.107624E+00   4.581751E-01
  1.122009E+00   4.122173E-01
  1.136394E+00   3.661813E-01
  1.150779E+00   3.200659E-01
  1.165163E+00   2.738727E-01
  1.179548E+00   2.276005E-01
  1.193933E+00   1.812497E-01
  1.208318E+00   1.503318E-01
  1.222702E+00   1.366670E-01
  1.237087E+00   1.225776E-01
  1.251472E+00   1.080636E-01
  1.265856E+00   9.312503E-02
  1.280241E+00   7.776207E-02
  1.294626E+00   6.197444E-02
  1.309011E+00   4.576225E-02
  1.323395E+00   2.912552E-02
  1.337780E+00   1.565454E-02
  1.352165E+00   1.732725E-02
  1.366549E+00   1.857681E-02
  1.380934E+00   1.940321E-02
  1.395319E+00   1.980646E-02
  1.409704E+00   1.978656E-02
  1.424088E+00   1.934351E-02
